0.7569841490941621
0.9196201544594047
0.7028759226577083
0.7739749485626956
0.6645869971912085
0.6574401726098166
0.7917497650765255
0.8274163969702564
0.2925216532171584
0.14703435514844093
0.7634799802758027
0.6335766480684852
0.1097726235440191
0.12881542167612034
0.10783398209017175
0.1641327309781544
0.9704965574808413
0.39612253543995257
0.9974719045092196
0.9568300502578775
0.13294511740330708
0.6968666721773299
0.4064208982332357
0.2993450431027085
0.2029790445009486
0.10791157125287727
0.29474206069197456
0.6431102024345274
0.1666262162046861
0.7778934884370855
0.1863430788974489
0.20530427116699648
0.9011371116182063
0.5591826511631187
0.5918898153760235
0.24221088566720358
0.17899082299751945
0.6746898568928352
0.9537698562011222
0.8021487486232004
0.10430441939966432
0.7902209343793921
0.31506109714480324
0.1911763880573103
0.6460991693486395
0.8880827699728527
0.13945882282847546
0.10977484420978846
0.857876529222369
0.7626432767745163
0.8341139190320486
0.6437111733946501
0.7979569817608584
0.7835491630134089
0.8523356931583574
0.11728591609209421
0.990035107491453
0.5973041121439434
0.2781122984048474
0.6421678944714361
0.9884037119559723
0.7629107683571311
0.21940196171293713
0.6200191714494215
0.6373003177748857
0.8422795356301849
0.3621480445746573
0.6821134090729044
0.638829052304503
0.29110728225838034
0.8619710227731006
0.2741508405455463
0.16891124662786555
0.6209293277977548
0.5754908231731548
0.11947287240527589
0.3057174614757536
0.3280474489698172
0.9582321543690445
0.8188794037672388
0.6600345978001442
0.41003732839550466
0.8810663698879917
0.6702521540653997
0.22202080089101453
0.7155384710470301
0.2421427890939894
0.5161869319805085
0.16380140672194723
0.8980297105363403
0.776262645687259
0.2528381571041601
0.2623592093848507
0.16929343071166805
0.7886487968145856
0.6581785469100929
0.6321718892623757
0.1732715911532856
0.5650643291584868
0.12287736775424825
0.8820500082032686
0.22601682285591473
0.33523305420443816
0.39200006189189573
0.735628471698946
0.4924415418729283
0.7915152771584432
0.5507325888836463
0.9799647503326481
0.9955683136821872
0.1897918384196945
0.112333648771353
0.2316968744933387
0.7789844898093926
0.28450924211119866
0.7915176224815285
0.3352143806318254
0.8682045171068625
0.2748397489965616
0.37147175222997386
0.1322953638672419
0.5016425321867387
0.46390859785012406
0.19771031021345897
0.7676625939391213
0.6268989565660911
0.6580424136577505
0.3569690973130346
0.9199121376506734
0.9830638592499432
0.15799121481979458
0.9243434425427399
0.17226723692729412
0.7147401384629557
0.11907750776413033
0.8868726225203657
0.16261083869726223
0.9884900738019293
0.2822255718095924
0.9767740259210536
0.577249827467168
0.20740777078358147
0.3028238258962098
0.6725299352517349
0.7778640818726036
0.5445212837530495
0.8293738158815397
0.5510304990115243
0.976093318904864
0.6407269860662294
0.6088784659151529
0.698975478238601
0.6952152829531587
0.8379595912966201
0.5209230856519206
0.516738239925853
0.5833678209151607
0.7433009375271095
0.4674021858530274
0.9728951244531493
0.3677685145092733
0.6447305428515383
0.46984493028862917
0.6926230090828225
0.36438459209055296
0.52422125201768
0.4512929001046776
0.8881686975804187
0.6825064893551551
0.538882801287364
0.6046827504634954
0.16459265625878633
0.5886780561616636
0.7658567890834415
0.8746872143383801
0.9589907734462141
0.7194366246271509
0.9316658459717116
0.10496752277496718
0.9963969107810265
0.257315996076036
0.17172041778675742
0.12779018017439273
0.9705695008854264
0.30956539436152186
0.6906859487442862
0.49796157294786203
0.48286531521368603
0.6540378521745532
0.5194140057538549
0.3980331019933324
0.39740354263359656
0.6417006151790239
0.3891400704248684
0.16673041792675203
0.29572322877552615
0.8702212116372804
0.4686514528079414
0.5275594830461762
0.6391372368245642
0.6680819668248063
0.7351281137142137
0.5195428579120955
0.5719859876613044
0.15367625450543956
0.9743599100044114
0.7570391712155863
0.5239937846340443
0.558839579925565
0.2310430832178575
0.870599056823732
0.9949312557943827
0.33126852508325755
0.25485912371844
0.9058105233794523
0.8297866451182421
0.9552808451909696
0.6130395213965624
0.48208691294025746
0.3176493983725044
0.6553697001490821
0.365118844435261
0.5383507560147139
0.27250894278735294
0.27200520936607453
0.7205799991611671
0.11756633749949373
0.17917197878957736
0.8241365216138301
0.6250943337707401
0.6670744082807148
0.5125011360182802
0.3978472462721846
0.8460597885167629
0.8566818771190186
0.16317851974943712
0.925617846688109
0.8531402714707617
0.24145992428761173
0.8281967384353728
0.5456476609545241
0.9145095227960456
0.6212033380551051
0.7492812000009839
0.5556898759077161
0.4545023046653771
0.47350440148849604
0.9074461133757494
0.40085266279567533
0.14337619987453654
0.5623944994718643
0.20688784208739092
0.2598193913794511
0.11488721167848695
0.34950632414611904
0.5064185224883195
0.4189412449137313
0.43238211933079795
0.15971009676970055
0.28164292959400283
0.3486551997073947
0.24911086902482754
0.8781766640890064
0.926082180362165
0.6216806850047221
0.43346204188911297
0.38082082686874374
0.42444672765567193
0.2374477594830881
0.25482448427531784
0.5250778592538148
0.6562624828223484
0.14221023410170108
0.5507784303286545
0.952966462619053
0.8130526207174178
0.5592967586463219
0.821318873508523
0.2833911058728976
0.937278469242848
0.6689527987903391
0.4208148187978036
0.2956371366872937
0.21624255355452437
0.40222698369818566
0.7434069509862972
0.8310115955033396
0.9891570696066119
0.7383547576969984
0.12254741111645381
0.36458278821436574
0.8505804883802828
0.9200922594841334
0.3903842902376339
0.323972092523289
0.4584259342699123
0.22645407988735114
0.1676945660846517
0.657150618016965
0.8797441127346691
0.4673074528415436
0.5800678437225149
0.476194429647669
0.5324840618848616
0.189276362960756
0.7210447129449001
0.728950800437411
0.20643469757111882
0.6074086809277444
0.9079126534376961
0.6755692768559624
0.5715506345169687
0.3020591059999542
0.5008621404397537
0.8718501769153179
0.20686487084810748
0.9454416236456701
0.681206948090259
0.38636393562773375
0.6081920398411634
0.6473040229159301
0.3093709880353094
0.5032942598517108
0.5578247827176405
0.33417796028371294
0.20834517756891763
0.38795833953500203
0.2644269530113645
0.2016576174701801
0.8433174728382067
0.11695720478394239
0.8063262130406406
0.40415992366424836
0.19317908529591987
0.599909147197575
0.8364095653753824
0.5716197316369213
0.6346100504576218
0.9447198916873777
0.8318248291004304
0.1675729114511334
0.5844472006743273
0.34334188066269233
0.1966909399185892
0.1280803556427086
0.8710378652049517
0.9799763635081854
0.6510207075081964
0.14594641613155296
0.23028218166125763
0.5886713170801726
0.7640585135529246
0.5896844247570368
0.4470672415268522
0.4122680653688625
0.9152367514966914
0.27168285122429797
0.48779638968187466
0.5396499928570939
0.3909536054352625
0.40502487776035034
0.5947163038434247
0.7232464275938189
0.9503754662832326
0.11341468275134842
0.637745636534423
0.7037446794760321
0.818467286707835
0.583663688751994
0.6445077180860294
0.5939635578617327
0.18945365664303007
0.9751895374021562
0.8542709624703346
0.2988412400137339
0.8489141087465218
0.9259812276907959
0.666499655517561
0.7734909553128837
0.7477154020855397
0.419483535494964
0.5797186264985142
0.24627730980185125
0.7859841660091065
0.601853540631411
0.6413946904977195
0.3588664544826632
0.790323034707416
0.36404278838545456
0.8545381144536516
0.5002033577881113
0.5924731515018483
0.8281578648159821
0.21172704123014985
0.2363691777790163
0.7426264080595363
0.40255282562944394
0.25225837269975937
0.2632717866162694
0.3155905725024359
0.1951062512161919
0.36312774445457763
0.634122784841287
0.29301010163539787
0.19913640116962822
0.16954215347505114
0.6386540378972334
0.5298461868890222
0.19140731464227245
0.2856680792434966
0.4360266767988148
0.13831883590731642
0.6066792024542805
0.1213183981174154
0.2683860714751006
0.5475143449157851
0.6782560778913596
0.6652810722653483
0.5070154303557083
0.8218610509717649
0.35898384470268907
0.5909928660416804
0.6080416889518232
0.24667672593815518
0.16215201051803135
0.35526113145284843
0.6796462806526873
0.9139905616320607
0.48675191562404097
0.3857368015974739
0.5877342446178319
0.566842993995614
0.4165450811779198
0.37784180137094026
0.7520148205440556
0.38526634926810543
0.7073941309394595
0.6468537930346944
0.909446281107559
0.4221496337674391
0.6023100850597779
0.40585166040094023
0.5469987218296517
0.6221904167324265
0.8386686342348038
0.665224615705397
0.4306873378841982
0.38213700042901
0.23704890442434987
0.7744482725690841
0.38282972654611225
0.6355239677879017
0.48614747467184716
0.35183046853896693
0.38448004654757983
0.9701043621264306
0.6632211246979661
0.5729304287127622
0.604993539513706
0.711181421584022
0.1545111217418578
0.8133539935880306
0.6856740368730678
0.5290431295296231
0.9651025166177161
0.3666282947696594
0.6294580848197976
0.4537027650858799
0.6326711578775568
0.7828587559028805
0.4735883308392468
0.30514826575836745
0.4845719409865722
0.9988718628156286
0.6472297440241505
0.672304022173643
0.20272111539584037
0.15554654670977314
0.6409815205645403
0.998907695632183
0.2857260524248655
0.7230374299248749
0.14023775713518466
0.5595056851854928
0.922715330366338
0.27959306645146964
0.6993503269442609
0.23376992211524572
0.41832241232066725
0.11467225907946749
0.8585467125964352
0.5123394777077666
0.13327607492118573
0.5520615652421007
0.33055617018435424
0.3923898030176868
0.6300505482980193
0.8136972813122082
0.30889726709918863
0.24613305298647764
0.9380286930795892
0.7698947022517327
0.6747798796367671
0.27045230690416305
0.4776311948963019
0.34668810059823224
0.5045748605280055
0.7508730101749925
0.7078649479583787
0.6859844161494392
0.4048044959977778
0.698074657246573
0.18674372216626342
0.5792337985811541
0.9266066741434671
0.6401458730251757
0.3590343859083974
0.8203200815312985
0.5366262664521304
0.2787862009741891
0.9107815443115111
0.548374337090939
0.44628654366467213
0.8426572388931962
0.6550639656810614
0.47621468981794157
0.42639375900222376
0.5960868664336121
0.3384357967129341
0.22511554591959615
0.5590282496994067
0.9863291181765682
0.3825056911097099
0.6116091149713505
0.7036749953995166
0.6375833457461408
0.30010707346485677
0.35702268156650974
0.47954672284093247
0.5249753099554029
0.45051245517694494
0.3154545914358372
0.9910528507824828
0.6867036788203335
0.7231452455394953
0.6408919199287615
0.7483673713025898
0.5575549680648932
0.8642418875967625
0.8391733171314097
0.96004851214992
0.8319898299828854
0.18591754062881993
0.27549988351928856
0.499663765783505
0.4900042436051464
0.9220885344820777
0.5331971211498217
0.673373029197221
0.8439683443996181
0.820704596326358
0.4444315183724318
0.540423165240169
0.7896461312932936
0.3867439476497275
0.9385842833250982
0.6635070715094936
0.969599318979864
0.9154246676980455
0.17898593842209148
0.9909403328338929
0.5821782849645877
0.2800850121335504
0.18371447215092862
0.39760872447346507
0.4943032787273779
0.8641861568801888
0.45116040499055476
0.23663943418294697
0.44123911738204724
0.15189038450061976
0.23606183457253357
0.9787494647241435
0.8215663273415102
0.41666788132407817
0.7467124883266498
0.141224038035945
0.9205520167165849
0.37238504867615074
0.5590461907143528
0.8334782950096685
0.9201234044305805
0.2763278786444327
0.2683003508435274
0.8711553199493177
0.8786475120595567
0.8986129959826026
0.2239623268380293
0.13571384401420059
0.888719562165658
0.39744005740285804
0.6187010514732285
0.18145828791976232
0.5461638238266951
0.5646380360985018
0.8269875139356185
0.9169648267646733
0.5884494960680372
0.8309590894521439
0.5141071460644651
0.3128561841986893
0.7857252559061026
0.9455726919983256
0.7612670038536886
0.6128784431734942
0.9926751220592124
0.16921340302542973
0.9775012686640513
0.45023302976105184
0.7943990263418111
0.8454352928673298
0.19407773764160052
0.19611693599943394
0.6045213271782748
0.13942628327576057
0.7621088747310976
0.3924242913119922
0.9987299397614005
0.7588351912305737
0.9990701789521753
0.3455624088095449
0.8919498067949442
0.5960651540267811
0.45492920663366665
0.5833355836595104
0.7923533105845516
0.6564859634801687
0.2935882926113149
0.5018495083162768
0.49041106207898005
0.6620188865075491
0.41034419309042547
0.7543896555574897
0.5661860632517862
0.5445468955492627
0.5310675677737411
0.35922656788129637
0.22307445714313429
0.1686033697647586
0.16380567818312042
0.3283013572705656
0.38119584183532995
0.6477926129167906
0.5985112264808223
0.643744494695101
0.4886364766756204
0.9443950812369909
0.6756006111361382
0.1341808111430795
0.23374833690329658
0.7666106336607446
0.7690445706818341
0.9277741985896055
0.46670713712343936
0.30289279830697
0.8546944852006197
0.483964711411373
0.5635326619991313
0.15782722677474892
0.3595473805468571
0.3308516974712964
0.49077431673327554
0.5790075245925685
0.5126527909498394
0.5601756124434455
0.7540649473743758
0.18936139469883173
0.2433645317093783
0.6568518046204963
0.8387464939531051
0.9643804901605908
0.2976406918570478
0.4650096278538983
0.5757699565146004
0.3187068526594656
0.7680946906226217
0.717489559666421
0.991073431513465
0.8915292055467662
0.8585007813398056
0.9807519437026571
0.5216408796855246
0.4452422126900746
0.9284570545019946
0.29214997320744385
0.7064450140595788
0.1168217506310604
0.7889089413873748
0.5915206218695733
0.5854772709717095
0.18636937903753092
0.14423645101320962
0.6740459174385065
0.6650682192177728
0.45227915755233283
0.10160834970982514
0.11633853937788868
0.6327011086912587
0.9274798666171726
0.39330624114771273
0.45270402196969917
0.4295222690348399
0.5962058139015906
0.6827216957585608
0.10353338990581001
0.11375090542577491
0.29574938449799004
0.14972964889901177
0.4827788229403488
0.4731918075633328
0.7126482549975791
0.5761412770476598
0.4364658212469472
0.2700540084815508
0.20776063747932555
0.37693901482571524
0.48919489050218623
0.6262782722308508
0.10968169480902419
0.5479975323343992
0.8005857288361785
0.28257703043228666
0.14095392331116455
0.5259932216056167
0.3586172900642908
0.7893893718215251
0.16652505324757022
0.8812055221558198
0.661816618169153
0.4129544700930411
0.378906229637886
0.288913338519481
0.26724987438561976
0.7647066911862738
0.3594838696288666
0.5500894841262576
0.10626819034244511
0.8871951819437628
0.3804381936408303
0.35709629040437973
0.994962070361855
0.5547314159762992
0.43672148451658344
0.125085657455999
0.19127694284316538
0.5719673846712269
0.8225493602386484
0.8348065980152326
0.3757434161935642
0.67860814387222
0.19185818820084607
0.7575231956419468
0.5577749532260912
0.3934613572280121
0.7671814505079677
0.45774649154307046
0.7344864993713641
0.25602700359107794
0.886398677792734
0.5944830935695525
0.15398679873965598
0.24883071424301645
0.30180974090720475
0.6667037870874675
0.7600978864412095
0.5087035385238948
0.6709875345973785
0.7737353503082562
0.6204545381400542
0.6602113689490148
0.1038626941195073
0.5862782703961451
0.16493718536578167
0.6294371261388734
0.6554927955264054
0.7487542536065535
0.18639093674256593
0.6213189413513044
0.17896964705466462
0.4586858569697915
0.4805843410648166
0.8687472424814174
0.4779177057215148
0.49381179279220977
0.12736065978367997
0.1866241355453384
0.9230365358934223
0.48264111191255554
0.6399348757968991
0.6890879405747133
0.9221406725057677
0.13914905926164908
0.8342896956093936
0.1531062538214097
0.6581499062785348
0.9073178948349285
0.39562338954228704
0.5366404689601244
0.5344831323251086
0.18622597654016806
0.5438029081068502
0.184584948139226
0.8923088934929959
0.23138788170467942
0.3247751661597444
0.4806840102608291
0.18910575312804523
0.9530490045202792
0.7798896848517028
0.3286298804017681
0.8529855146070967
0.9571375604373471
0.6700858517897708
0.6705445196521378
0.7522326570239252
0.7995771062156533
0.9568976742656822
0.9760487676205348
0.6445128501463917
0.8496630363795623
0.3672293329091568
0.46012168335505443
0.5952037906247375
0.7832056216379654
0.5938546855451137
0.8129533224690267
0.8793015243174473
0.7511432176546113
0.30859363298775644
0.24999404409174
0.6063553693096927
0.8943285114777021
0.5901187580659096
0.41540347143925593
0.13288432956435423
0.6001909445112794
0.4933450892628529
0.19710223315317682
0.951728603283779
0.9219785883741419
0.41235629968219745
0.23662964273008008
0.5727887741737606
0.3062823510134405
0.5138204542384288
0.7420103426066449
0.8346063232155085
0.9995458765904847
0.6428483006241043
0.6368331708060214
0.611238015609481
0.5292642109660611
0.22824735776829885
0.9037452968270382
0.8038779413128229
0.4805741470327866
0.5391248442769455
0.8055648109210469
0.23167970348458006
0.21393967711449263
0.1697926670420562
0.19221464579993963
0.8612323656223673
0.9946355538519539
0.9549274923938943
0.6266814641901466
0.5391430607415363
0.3297318704697264
0.34193911327756843
0.9882020627055436
0.2171792095337889
0.6332833256901358
0.47250007447841313
0.5358809053375136
0.6844240622245121
0.7654256617412615
0.5501900040709145
0.14094142420687927
0.9458979142742701
0.4160827864979424
0.4962073516001687
0.7208147478146134
0.7120987844044793
0.7289877186383312
0.9201020549313781
0.8332685681967903
0.6889152470743537
0.9867202164193412
0.8574819905033931
0.11377942500589822
0.8823647854412228
0.40246451729097776
0.3516463869401525
0.16435159401608046
0.9576106855019151
0.789190082480514
0.7810995194370877
0.12698546244859155
0.616710642987157
0.7019585927173949
0.5598975228946937
0.5999989474187771
0.8845501238232462
0.6740602702789329
0.2627815674555835
0.9804046052075771
0.2174137234936975
0.6926827534111182
0.8520506836872388
0.7405458602539281
0.27364754599855456
0.9848154306665391
0.5081270452078099
0.9721954106079439
0.4108658544495851
0.3090926422628447
0.2907671234021062
0.9563188028822831
0.6991549402383059
0.5742785688319542
0.2828716226079647
0.9417066290674108
0.16472742928744488
0.7300972481910545
0.4938475366593946
0.940678036499653
0.6034802472492071
0.9011106008552976
0.32447517481698096
0.8750589966422251
0.4289092542897559
0.15934762999681143
0.5202336521989611
0.4306384061829187
0.14383355004103113
0.35638813925099155
0.9650375251053978
0.8033049497833931
0.7503829354514152
0.7606037116267705
0.49233804623229227
0.8450681667874939
0.9377012437789031
0.8702593935046667
0.6155421157938916
0.14316656405175412
0.911819034163804
0.19817919578305027
0.9047018335806185
0.19046600933430086
0.25714843378538366
0.2486781788986518
0.9614280028973003
0.4303515893869704
0.8440535616897711
0.6324647501069874
0.7689806992803266
0.5843160263708845
0.8219494208763738
0.39021598668738267
0.41948981907944494
0.19544761545804593
0.16238253750311113
0.520529097133034
0.445259022551338
0.946021119220853
0.6415463612026353
0.3329523503160252
0.6061059396120373
0.4323943872119421
0.47668465843119323
0.2717983902275841
0.609692005956656
0.5054141966859578
0.2558359329588644
0.6814431657006595
0.16679476416588213
0.4095341432153615
0.125372085306264
0.6088136005863021
0.5084760712684667
0.9788477754033671
0.8247842714756952
0.963767146619135
0.7170991077288484
0.473240265127168
0.6831694074751282
0.3830661768053357
0.4481473409916795
0.6628614923549839
