0.19497230614046826
0.23996568724105044
0.7615945359632793
0.5410935541978514
0.9058706050868899
0.5803542385351615
0.4050447008863617
0.8479235471584788
0.5254768113409933
0.7968399929169235
0.986659408195796
0.4806695714820928
0.2560116650586845
0.9970775571881081
0.48108258604075094
0.8273862417514588
0.4053453934413457
0.9095606021798884
0.29394094644029667
0.8200520878052933
0.9165293924676756
0.6685443160462462
0.6958342346558322
0.32888229546040204
0.23251452320199956
0.3393304890331952
0.7596761829073589
0.5057931018408847
0.1636343438679691
0.7327432164748091
0.23146457176517604
0.5883459007969987
0.35043134741947735
0.18262342469651877
0.9895581889932531
0.8004992379484366
0.3394043983927834
0.18517037421472804
0.5725392165807849
0.5114967038959523
0.5142553381888338
0.6239580565757453
0.18073869492221253
0.8392191130072904
0.5502131202078365
0.6294549812047285
0.28150364182087007
0.4093286879838849
0.5840132897580573
0.6468750473253975
0.3732836965587859
0.20653380525234377
0.6171112573326893
0.6111880040267343
0.7886154040267436
0.3793021353810687
0.19470730758169086
0.15311738799757885
0.14108239137191644
0.8843503781733336
0.628161343302433
0.6849540866126443
0.24632950521852112
0.9822388222629991
0.5533759706227852
0.44001382492773733
0.8722089942807418
0.9203986271156749
0.14272535473106165
0.7645664493412815
0.19813690600620937
0.3649202785437471
0.7131086333755678
0.7860653936517222
0.8887378692410778
0.9674309077668873
0.1977055924145934
0.10650513991821008
0.3118561968616963
0.8783891464087035
0.474012847492263
0.5947351336148856
0.35601171505720597
0.7431250666451737
0.46573871221319474
0.3765580928910949
0.5273782599135827
0.4419537514905988
0.4611348158422677
0.34644080262411664
0.33136287917971574
0.2606905205288104
0.11534267101901524
0.5496656616473342
0.2688641961912791
0.6028956922286438
0.7293331136969736
0.9087509196134167
0.9022877257286509
0.8801774781208248
0.12301710413497106
0.29296798586932465
0.5713963640913494
0.24188064187094593
0.1451055094021718
0.7547836730419564
0.6640743192573404
0.33048932406553033
0.28729656409506077
0.5820556437173681
0.5720824150722171
0.5740722088931813
0.5953687303110201
0.5398092112498524
0.6868830152200378
0.15209791721258226
0.39475707019622264
0.2004234076911134
0.5156126283257507
0.2959489698274075
0.27319166348072077
0.18605487891269903
0.8222803259471104
0.8104623328648372
0.5879756267600854
0.2721270706419181
0.924270215855121
0.22782465438444832
0.790481394341401
0.6257136476991868
0.49922584084553323
0.23015046562955366
0.4854429716399902
0.17764342910792497
0.18239491311849254
0.8020713152317871
0.667622559429296
0.7521556807821071
0.8595123014075255
0.6996639287318994
0.20342945439044618
0.6029334306773749
0.8852995132568963
0.9470457975865277
0.850069671202588
0.8293430244972191
0.5826587438555383
0.29696592122016197
0.12980395692722746
0.6717083579752287
0.20263964665480194
0.6167192202859558
0.20189277033259145
0.20944731315609616
0.25025687706165506
0.7857124050443097
0.7998060243161728
0.4108992437332495
0.7062366784284582
0.21600966279585102
0.3262759562002787
0.6086708289946016
0.39977050128125224
0.9321862232041668
0.6237710648747176
0.8993293090723508
0.7123537439585693
0.9718178636963988
0.36296928510128823
0.9912704143428025
0.9177880280506235
0.8929345009488482
0.9168086799358584
0.7495896328684042
0.5884247548292466
0.3997661385169
0.2126935600673165
0.7117847389305137
0.422728255475584
0.12310904168998858
0.6804341970352998
0.17311779068613206
0.2742367439769719
0.4166404699806199
0.9384984615739043
0.5654645669357745
0.5869990703404525
0.9555099657330968
0.4861531718284934
0.4784798186737763
0.16756526171210417
0.6485354957333531
0.9940736369198304
0.3969061780032792
0.5486094860742843
0.30033231690061324
0.6109991873081738
0.3528551336148059
0.4242628024963643
0.7847029232919851
0.4290130500266306
0.9168879221161933
0.7622346477706173
0.515616032672499
0.17502466198492378
0.17672468406308672
0.9228004703474926
0.7271028424767686
0.9210323569649482
0.2774098747937415
0.5397340657761084
0.2983987481080773
0.43074483466882885
0.42176213810135876
0.5432627018219742
0.7856582773089663
0.28513936755742464
0.25493663955322593
0.5301228699768622
0.2465719766964515
0.9545348252693874
0.881928261950041
0.7107951873918035
0.5692127829137041
0.8097578143403685
0.8918433177530429
0.6889962926536515
0.14144031274280597
0.8899798990186
0.28776846930979544
0.15350586381035974
0.6221912416550556
0.3698041003136028
0.24606447817863397
0.4874072122679647
0.10098367540715765
0.2931788067123146
0.3539133067445608
0.2248189975839625
0.956963798153652
0.9667171528834161
0.5989463744757044
0.9101968721727641
0.6538228827330264
0.23000018085325533
0.3097823109640222
0.5402825003650786
0.5319127923708477
0.9454415248145918
0.8713022562036935
0.5937786602540724
0.3838881198070607
0.2752922626221621
0.3634907887355062
0.6788282147518032
0.8252029522748169
0.13836353432031723
0.8976707399818804
0.9533750634972694
0.5957906966754469
0.1640454969959847
0.1489598479959049
0.29848548565317257
0.454254638217386
0.38620047781758426
0.9087774485993272
0.9497076834842162
0.35089787473485945
0.6445084586941865
0.7062294588813863
0.8165477959380668
0.1909202530154825
0.9858431768634615
0.2721995492849171
0.8451405475144963
0.32411083535869856
0.383256766971509
0.5449747659571342
0.10419249989531373
0.8223637707985426
0.3151513563580465
0.4412336940516811
0.9992762794918082
0.6313457438199601
0.17221522395048483
0.6412253633096485
0.4455536343884261
0.6076433108611324
0.4847024105724702
0.8619668323791293
0.6540056200786545
0.2777179018052121
0.487633008855637
0.8172878476611662
0.5112480155761723
0.8799969912140676
0.16649314796507705
0.8885503455035995
0.7580099809597681
0.4764291829798335
0.9510120287322014
0.5548713745797762
0.5963543194504657
0.44483177349656533
0.3495946958348909
0.9566771335128815
0.48071712038606995
0.5883584096228659
0.3419883787107164
0.1914164524785204
0.8728453272406796
0.8234154802985356
0.9727605581068427
0.765261970404679
0.4657099467046787
0.6323549318468549
0.31316697216718015
0.24962673971019053
0.30647334238991353
0.29227195136540096
0.5839876854327882
0.3163249058266621
0.6735884968136321
0.9162353758750716
0.6569092133738488
0.2502040794511078
0.28810862487618893
0.5682792783357382
0.3770308995899636
0.6630778677251311
0.4642849353142995
0.13848343397118362
0.9740738534566495
0.15778657791373574
0.8295310641608208
0.48947124541667475
0.45487018267373514
0.3162142177979571
0.46883182246582233
0.5106528502483945
0.19471102295368342
0.4100898532930506
0.5736749231259004
0.5415418217700176
0.4701312535325617
0.35840166878867397
0.40058334919306504
0.5504734749531247
0.7007092062815324
0.9802514353301041
0.16932674017268298
0.6800527927809109
0.592459223573972
0.7169781277627567
0.4558898543076386
0.29566044757293536
0.4003955805572883
0.8223781478547141
0.46027624866490513
0.8983445369145417
0.5528454057023041
0.6448507939366915
0.45422529537139045
0.48842660935153237
0.20508928291733797
0.8502968162889328
0.43892058864345906
0.49114991463328384
0.8149071489832803
0.2595983031886364
0.767768028595056
0.6806978702844299
0.3576079214924678
0.9995079849517333
0.814321522474952
0.9639112760798006
0.9231209203176585
0.8907760466556041
0.9904345692014679
0.31003183234378345
0.46272713557912926
0.822342717925662
0.14471579525012512
0.43780064787580986
0.8780085057190343
0.1854245360122363
0.39636654012451955
0.4962394476501524
0.9695933726449314
0.46632267794561166
0.18447866004869917
0.7004429045763586
0.5882761903798196
0.421781076946549
0.6378707352831391
0.7087099328734325
0.25608964747507257
0.6857231413280636
0.19554052113198997
0.35234230699438984
0.5499072326849568
0.7811942881515945
0.3328123041357915
0.6544386515254925
0.3651545852082224
0.5363393177445412
0.4732566347135896
0.5990118642482785
0.6022073974800807
0.12824200898036434
0.8914611044541699
0.6367581988377996
0.24305448674647806
0.40345564626866737
0.2367300081240873
0.7388060626796594
0.8108035955327835
0.8490521599049695
0.632791069089057
0.8347726556964268
0.3296085573553654
0.9130183023901184
0.2335874101980378
0.896456633070946
0.42759563589250893
0.6978268441175666
0.14023283483268986
0.8534948439963719
0.9503672381041858
0.8760108556457671
0.6092085264107882
0.752311362868059
0.7776612185540012
0.101569468990785
0.40687938527329437
0.8946868315195277
0.36074370049640714
0.11603289681891145
0.7904080911271003
0.1172762551568817
0.8231138656757945
0.17301509526885653
0.5201449021019441
0.49840350528719235
0.9920984037072645
0.43008201692136894
0.9335714328205356
0.9034605180682058
0.25391417356852997
0.8817638061182457
0.7358766572336776
0.7052392871478674
0.9497768552445413
0.6325387289215644
0.8872428622941835
0.1405249545805829
0.6556339898272672
0.733617290497936
0.5919201402030309
0.1892779044285519
0.9131003939834247
0.5323545266787654
0.7191672727064755
0.5877332498068919
0.7041739514667589
0.20811851344444432
0.611137186140694
0.2117454503428202
0.787310257090812
0.7934432889546609
0.5577850385738764
0.6917066050346325
0.23743388114549416
0.4042944933881296
0.8438773122024907
0.8453663117077647
0.95746458885742
0.9282754451218261
0.19817971083626296
0.33988124242784407
0.15393654439270504
0.9446022334394548
0.29990217527888957
0.6194225205281731
0.49428869318621127
0.3746755932378917
0.7224791450096321
0.3596692564827496
0.3884043856235482
0.2870778267617694
0.4197630906353417
0.9355160131227057
0.8619783755101182
0.40582302733809417
0.4847095863340354
0.7133225507217485
0.9142894239915724
0.6956884879262775
0.43563177912150963
0.4040340717184956
0.2779564210777248
0.12345554274994577
0.31010287955480703
0.5384997322208254
0.8232563560171283
0.31888801316338455
0.3715841350781903
0.2513179418086507
0.7745821760792894
0.4842762713256896
0.35885697097514657
0.48453631936307395
0.43161863029843295
0.7263751129520485
0.43333716916894616
0.5475345112787732
0.5128142785517715
0.6095636069422447
0.8043492266879558
0.5944180281250447
0.5637277558206664
0.6540549455177431
0.8374390657867457
0.30525115188533564
0.5978264653021099
0.3279844291398376
0.47580320401157294
0.48245714360143876
0.36231572986921845
0.7072038579445531
0.7299124422074049
0.9987136895582993
0.7465766358978632
0.4016102560955822
0.21540835980416684
0.45767198347367166
0.3757905654305185
0.5718371404412497
0.2443505747965415
0.4538273895340942
0.4573288317435632
0.8851366018584308
0.5998929169390352
0.44286968811559546
0.5724849516080587
0.8842799479883636
0.7494668403743724
0.958841338533742
0.731128512457565
0.7683055043178851
0.7765498420021506
0.739431767366963
0.9318579464707754
0.3089413424275988
0.13609735262179296
0.5457355869614847
0.49523093508924076
0.2515311501457188
0.6637160213837454
0.5878032019318168
0.5626500845485708
0.8742915019322435
0.6936565990675791
0.29231172838169245
0.7784825490047234
0.7047285229499614
0.6657044949479628
0.37368434167775544
0.2979911680730211
0.41704199727574087
0.32604624629477774
0.19498639994881495
0.8886556545455357
0.9593453227454826
0.25218980763027765
0.7299260769281777
0.21746162038672023
0.4845291818370787
0.8570170932497185
0.2622880591830746
0.541736050533679
0.2835970159251975
0.35204653931238916
0.7841281016983972
0.6461066840303504
0.445300809336878
0.5749841659481233
0.9790567487544267
0.29316401260483155
0.390904794449654
0.11164092580279256
0.5019403024032375
0.7804037786670378
0.7579056446108946
0.26729483958442996
0.8913470973791263
0.7210280592223319
0.6315369337581445
0.16757559103959724
0.3760673055637228
0.7911831462489206
0.5478862887031766
0.6939502093265763
0.7620343757797882
0.8112122630959926
0.31745311354237954
0.28388745086529477
0.7109760839300252
0.6535014280332372
0.7429751176960389
0.9507795019250425
0.3471236680586466
0.4944963234596077
0.5303518690207836
0.8036986877906382
0.9533067081924622
0.6534684751964458
0.6164932883381972
0.8720676555410829
0.8427622858889408
0.5856089289434359
0.4629213001183441
0.26532088391942554
0.4179863046302451
0.4220272388193601
0.7889529244649466
0.722635953800262
0.8529551640090485
0.5742343104588189
0.4432926697482732
0.4328122919176207
0.8600459974157378
0.5456868532371817
0.5378624640938134
0.4293759621756301
0.7279834180684744
0.1179717896347835
0.3926973672875822
0.2909881970881524
0.542141110500648
0.9042086914721871
0.6657349861465756
0.6022363040194824
0.42352612517539945
0.18724840997841974
0.4663268684428282
0.1548844174900512
0.9477743809798161
0.6852457615528076
0.6762998721903439
0.39466285962416314
0.3304850522193621
0.7121849256854574
0.7273958457330538
0.14367389516326437
0.49022239180380456
0.5259350346822287
0.6089173941608289
0.753491912219814
0.125512727594907
0.5814146988310349
0.30440835582916953
0.6690365192751242
0.8671650964353523
0.9314430204160676
0.7811965298163104
0.9082963817250403
0.5922434070561863
0.4428557798670796
0.9816272713878433
0.8879819599062239
0.41101838851104555
0.12046440780001953
0.7898159053394675
0.25018540776587384
0.7632273293283457
0.6564361915428713
0.37274677633078956
0.9701256667027209
0.9849699512014847
0.7476738194061313
0.9195478181484157
0.6500568058709324
0.7325681206597219
0.24877218155549816
0.3277678642197525
0.5294179988674551
0.974718111343531
0.7531307922615869
0.11048546732187525
0.666302805879651
0.6892630465663362
0.9197997859118544
0.42307716829779085
0.870326466373312
0.925913852571646
0.2886377241546222
0.83347317035623
0.9919688110482048
0.22124684167064113
0.3513593341984411
0.3847288214483475
0.6984711695706277
0.6773059941538486
0.8710511138881774
0.6237398277698545
0.8913654125464135
0.14013818556688912
0.4677332789737533
0.1949294064218085
0.14571318908429784
0.1395893544831815
0.8125457803217249
0.4227354813276911
0.4761334112412944
0.9766897165476175
0.49813691342429023
0.13172607009029869
0.9596962948043329
0.5699563082615604
0.8778322680724733
0.4781709725915986
0.2707619607611427
0.3969408657003417
0.49116243996524334
0.29189779502519075
0.6078416856323896
0.49235115399554685
0.8183274331704226
0.45226070850199795
0.31755999947820945
0.7890739740555085
0.43117602098212093
0.9470497009924012
0.5457958337450254
0.21342782154032347
0.7332780544402556
0.5881686882178293
0.17108058919518626
0.47097349832555946
0.8066680061734643
0.5829105708256247
0.3003315205454717
0.9842106313544037
0.5078376516591708
0.7846573955889943
0.23199847569505969
0.4684883387627127
0.5805562761449543
0.17183348668362577
0.3167019368989952
0.1574581926368694
0.4780963428525946
0.728940113819652
0.3704408510377656
0.3143973360741251
0.21244273578251624
0.6284994492866585
0.5204479616457307
0.7907303934084758
0.17306393518792745
0.6377361325860884
0.7887711231434922
0.41807774293427913
0.2828228568215905
0.198824415990978
0.4436584909860588
0.14515859653051189
0.9836060147730337
0.356529243234991
0.17382583347860217
0.6558770254872881
0.6692484506616734
0.33206913408785077
0.46568399978763486
0.7299188472012567
0.608333296874854
0.8670291934915204
0.5886047697828348
0.1321876662685176
0.7244434635549319
0.6861522990633415
0.11830311353182794
0.24240825956810003
0.42644398845380804
0.5528364838919675
0.6534141196107662
0.3612251093614953
0.9063730020400892
0.8161668567697694
0.20534242559285573
0.4541246025718926
0.14751937088518374
0.17331001643784905
0.8664627652703697
0.6195088142624953
0.9102654075724744
0.8960992282265892
0.18674925810110315
0.3922489039744169
0.8882723815852722
0.7956381654408567
0.8139117939194207
0.31904653244668313
0.1525874138778473
0.12375191973175348
0.2771177754274999
0.3669311731518189
0.9262494292355348
0.5351127274113362
0.4193770015375041
0.7512215719425293
0.15697260831224322
0.45886908242458924
0.6086680948962598
0.19427937005892604
0.7804853286109193
0.4536061053829883
0.28288457182273313
0.35138324437464685
0.292102788190963
0.8444652559934801
0.6086784818977786
0.16505137226012023
0.9691113214847155
0.2662516539130465
0.6592799635407909
0.13414052800266574
0.8115426479456715
0.3613571557123785
0.8413707568066144
0.7090501076648277
0.9939162037265121
0.5063270573530012
0.42608975822196204
0.8493586852407642
0.14552744171691306
0.865898831376753
0.5642487862996268
0.30522188649523824
0.9018606323540107
0.7983409090279342
0.9908367565436224
0.40885910958428096
0.39470382925323944
0.5609196013474669
0.44889015965710877
0.187457697792967
0.4735445387779399
0.9893223639195368
0.2878082362263951
0.13382231477161705
0.7758238850003847
0.5498653853161785
0.1161908555867601
0.9960978392683956
0.988627641534555
0.18831389838042098
0.7142771501617285
0.47289396559858665
0.1693921295645137
0.5241430133443521
0.8360631879079722
0.8251394312226842
0.11820311885542145
0.46406735792883624
0.85617664698568
0.14099414484537298
0.2192658450649215
0.2336677592802043
0.3415867685810415
0.5151472906345558
0.19412436731373545
0.35094284385377894
0.25322759893934776
0.9288296082117536
0.43420829216140067
0.8906139175044826
0.9076126423083348
0.44186776978601916
0.6052849471300198
0.2130110220109559
0.5535192644208786
0.6331092887759746
0.14139531825942123
0.6563685504100041
0.5438205591797903
0.9505457672982343
0.8708515867322671
0.11635831066227696
0.8075432260450228
0.6574628699281657
0.5418748271568428
0.8616883462652493
0.15222931160200703
0.5859449316940837
0.4404503605644129
0.5595954100399321
0.8516801281181403
0.8340624871279982
0.1179795996353038
0.9100595941675351
0.9991602495048074
0.6680708227941617
0.1713059261492551
0.21256876459817622
0.6311399444306092
0.8159475383700199
0.9426930693704586
0.3142613230244252
0.15165395370870388
0.46359739974992464
0.5323339880438854
0.11327525970133888
0.41235500523155
0.3900526234732308
0.24096832908748653
0.21613153080262815
0.528339899815206
0.5029965071433915
0.5851867942274758
0.37298006557626306
0.5348264338215485
0.960938726188788
0.9530002127348534
0.3395364839278168
0.9147593875463933
0.993370473147284
0.8922518057373968
0.6395374877132015
0.25242348984918767
0.5552272837331411
0.3494504872039399
0.8265432812955235
0.5931415813067342
0.27698797397262076
0.9016034926150069
0.26891503158636854
0.6141361881151292
0.7967375930166096
0.3486262809994645
0.4067954481998193
0.1366325211511786
0.985522782388983
0.2589081958114118
0.45492066157758004
0.1342809716014992
0.20232725181888894
0.38561144811218484
0.35009163394052867
0.6179774729632636
0.939995930053731
0.8962822092802119
0.6671329791765575
0.8021595258983727
0.34843570867223106
0.28335124930866573
0.2521675136918153
0.7826562892726272
0.7464207941470257
0.4481029146191742
0.6470346892616359
0.5811707283218336
0.15833103544618465
0.9756900088564612
0.5036807538161666
0.7364718678837243
0.6371512893617662
0.8437730688436663
0.31234918682281076
0.7473756445518166
0.36005970135165055
0.8323619947890457
0.19239911438452445
0.8975918357206724
0.5079333999417304
0.12743821176424075
0.7195801769553337
0.6175158611272012
0.5650994891802249
0.6359354087166125
0.7885916956080857
0.2630432097838916
0.9006595488537261
0.35465715944075593
0.23475450917296262
0.816484650883968
0.2177156945948049
0.5607093980109434
0.7636233348872933
0.7396603906112387
0.8818264008852653
0.5160257647621432
0.7623680718138497
0.23425146083955894
0.26502022625667015
0.40356437870182227
0.49175198683995613
0.8894860926177972
0.46669546264311157
